2.791546604985486e-13
1.950331773717100e+00
-2.575673283747592e-11
-1.950331773717100e+00
-4.738294581162032e-15
5.147547912744848e-10
-1.432507533123106e-11
-5.147547912744848e-10
-4.738294581177052e-15
-2.660288116902914e-13
1.280108329708409e-13
-7.027663179132661e-02
8.925914720431699e-12
7.027663179132661e-02
1.280108329708419e-13
2.660311285790939e-13
-3.553445083678606e-12
-5.933139039972208e-13
-5.083037513548670e-12
7.581665212052051e-11
5.374649675548937e-13
-7.581665212052051e-11
-5.083037513548689e-12
5.933139039972173e-13
-3.553445083678577e-12
2.468561627473284e-12
2.998561984629027e-13
2.168941564142275e-13
4.239062891888706e-14
2.028487663706617e-04
6.588983607292408e-13
-2.028487663706789e-04
4.239062891888554e-14
-2.168938538464001e-13
2.998561984629031e-13
-2.468561609662511e-12
5.267019873197879e-13
-3.715952220626214e-13
1.528096056553147e-12
-8.632861119763971e-14
1.869055550189085e-12
-9.859269136411181e-11
-3.818576798419975e-12
9.859269136411187e-11
1.869055550189084e-12
8.632861119763660e-14
1.528096056553150e-12
3.715952220626223e-13
5.267019873197921e-13
-1.291369417402526e-13
3.427522023608851e-13
3.115634418399954e-13
5.331344949092352e-13
-5.731976571173235e-14
2.046025080234846e-13
7.855203356440965e-03
2.318025480655845e-13
-7.855203356440965e-03
2.046025080234844e-13
5.731980125489177e-14
5.331344949092346e-13
-3.115634414925637e-13
3.427522023608858e-13
1.291369416993155e-13
3.493836004291948e-13
1.767936640661033e-13
2.916140510266749e-13
5.615282809203481e-14
-6.227440266593805e-13
7.146258231808565e-14
8.057359040198987e-13
-4.502409293739176e-11
-1.646501588208637e-12
4.502409293739178e-11
8.057359040198980e-13
-7.146258231808531e-14
-6.227440266593812e-13
-5.615282809203381e-14
2.916140510266715e-13
-1.767936640661025e-13
3.493836004291981e-13
-2.105453955236844e-13
8.270613675466218e-14
2.276473335717112e-13
9.755922569703795e-14
9.421370177508241e-14
-2.325514478927171e-13
-1.993825152400110e-13
-1.519715333186216e-13
2.210749215350020e-03
-1.475138332654140e-13
-2.210749215350020e-03
-1.519715333186212e-13
1.993825292764920e-13
-2.325514478927169e-13
-9.421370177227913e-14
9.755922569703773e-14
-2.276473335753441e-13
8.270613675466164e-14
2.105453955235248e-13
2.468309929955180e-13
1.436015662908129e-13
5.261512144443227e-14
7.491198367456319e-14
8.287113599535793e-14
-1.466100762878875e-14
-2.083075792018105e-13
5.045328401741920e-14
2.329476332461307e-13
-5.107698152267599e-12
-3.582538367525017e-13
5.107698152267600e-12
2.329476332461304e-13
-5.045328401741926e-14
-2.083075792018105e-13
1.466100762878874e-14
8.287113599535780e-14
-7.491198367456322e-14
5.261512144443233e-14
-1.436015662908130e-13
2.468309929955180e-13
4.792204187764903e-13
-1.664230984568326e-13
6.682192939289525e-13
-2.952784410982651e-13
6.880781581705587e-14
-3.688345003723245e-13
-2.003737557210612e-13
-1.390683469763290e-13
4.450967734647415e-14
1.910508404551642e-14
1.689533616099211e-04
-8.271826416221107e-14
-1.689533616099211e-04
1.910508404551640e-14
-4.450967945369185e-14
-1.390683469763288e-13
2.003737557067881e-13
-3.688345003723248e-13
-6.880781581720428e-14
-2.952784410982654e-13
-6.682192939289503e-13
-1.664230984568324e-13
-4.792204187764901e-13
2.453872901401922e-13
-4.418256826947499e-14
1.395571643547247e-13
6.039490327747405e-14
-1.352006558236703e-13
4.847253642496555e-14
2.709064661606216e-13
4.254214129630538e-14
6.836743183141064e-13
-7.392076971234666e-14
1.678034828387942e-13
2.460844398899524e-12
-2.840135156160079e-13
-2.460844398899523e-12
1.678034828387942e-13
7.392076971234667e-14
6.836743183141068e-13
-4.254214129630538e-14
2.709064661606217e-13
-4.847253642496558e-14
-1.352006558236704e-13
-6.039490327747403e-14
1.395571643547247e-13
4.418256826947502e-14
2.453872901401924e-13
1.943586672315855e-13
4.801514750055914e-14
2.259961790473848e-13
-1.513022808566034e-13
6.477396365661412e-14
-2.944629392653234e-13
-2.040019130365417e-13
2.724492871712279e-14
-4.226484692699943e-15
2.430039222837950e-13
-6.303347635334953e-15
1.495204805769377e-13
-8.507721885198300e-05
1.452197577914165e-13
8.507721885198300e-05
1.495204805769379e-13
6.303347146263726e-15
2.430039222837951e-13
4.226484690978446e-15
2.724492871712278e-14
2.040019130365989e-13
-2.944629392653231e-13
-6.477396365661419e-14
-1.513022808566036e-13
-2.259961790473849e-13
4.801514750055911e-14
-1.943586672315852e-13
-1.737268806127240e-13
-7.387530972721834e-14
1.125207630280997e-13
-7.504753977347965e-15
5.537166815000431e-14
4.675582825647437e-15
-2.052714641105931e-13
-3.341107708745487e-14
-2.927438322024697e-13
-2.917245984344392e-14
-4.457474031003288e-13
3.977193324468699e-14
-1.885285640085190e-13
1.376689351542451e-12
1.968633206473956e-13
-1.376689351542451e-12
-1.885285640085194e-13
-3.977193324468692e-14
-4.457474031003288e-13
2.917245984344394e-14
-2.927438322024693e-13
3.341107708745487e-14
-2.052714641105931e-13
-4.675582825647434e-15
5.537166815000429e-14
7.504753977347956e-15
1.125207630280995e-13
7.387530972721836e-14
-1.737268806127241e-13
4.847598490533716e-14
-5.349148482066286e-15
-5.906668480877106e-15
5.508357684814364e-14
3.238969854083828e-14
4.902953344091175e-14
-5.954200460378378e-14
1.581525381162969e-13
2.667773357943580e-14
7.674102520778276e-14
4.203517127271622e-14
-1.094813648010370e-13
-1.056055445053290e-14
-1.248958372853545e-13
-3.302600257317678e-05
-1.118959336950837e-13
3.302600257317678e-05
-1.248958372853544e-13
1.056055472646756e-14
-1.094813648010369e-13
-4.203517127295038e-14
7.674102520778276e-14
-2.667773357942679e-14
1.581525381162969e-13
5.954200460378370e-14
4.902953344091174e-14
-3.238969854083825e-14
5.508357684814365e-14
5.906668480877135e-15
-5.349148482066273e-15
-4.847598490533717e-14
0.000000000000000e+00
0.000000000000000e+00
0.000000000000000e+00
0.000000000000000e+00
0.000000000000000e+00
0.000000000000000e+00
0.000000000000000e+00
0.000000000000000e+00
0.000000000000000e+00
0.000000000000000e+00
0.000000000000000e+00
0.000000000000000e+00
0.000000000000000e+00
0.000000000000000e+00
0.000000000000000e+00
0.000000000000000e+00
0.000000000000000e+00
0.000000000000000e+00
0.000000000000000e+00
0.000000000000000e+00
0.000000000000000e+00
0.000000000000000e+00
0.000000000000000e+00
0.000000000000000e+00
0.000000000000000e+00
0.000000000000000e+00
0.000000000000000e+00
0.000000000000000e+00
0.000000000000000e+00
0.000000000000000e+00
0.000000000000000e+00
0.000000000000000e+00
0.000000000000000e+00
0.000000000000000e+00
-7.328409424567917e-11
-2.815952984188673e-28
-7.328409424567917e-11
5.417596941234883e-12
-9.582852952904428e-13
1.396459392395104e-27
-9.582852952904489e-13
-5.417596941234886e-12
1.743047230554250e-12
2.483087948275301e-12
2.818716330886293e-12
8.676055527608600e-28
2.818716330886289e-12
-2.483087948275296e-12
1.743047230554226e-12
-1.675772468376474e-12
-4.071808285387924e-13
3.551383585435006e-12
5.329924366315937e-14
-1.531054731023123e-28
5.329924366315745e-14
-3.551383585435011e-12
-4.071808285387929e-13
1.675772468376482e-12
3.417546394521564e-12
-3.858786640147352e-14
5.003728371813136e-13
-1.501290791133429e-12
7.214399620848721e-14
-6.786225282813401e-30
7.214399620848611e-14
1.501290791133427e-12
5.003728371813228e-13
3.858786640147479e-14
3.417546394521565e-12
9.251028357661983e-13
1.210926352024630e-14
-3.376110677217726e-13
9.209839163477794e-14
-2.212567501819487e-12
5.217551148902928e-14
3.642146590901835e-27
5.217551148902929e-14
2.212567501819487e-12
9.209839163477696e-14
3.376110677217718e-13
1.210926352024573e-14
-9.251028357661860e-13
9.884204458487846e-13
-1.211241377650461e-13
6.787020324362197e-13
2.041222778847875e-14
1.110071185627601e-13
6.542957551711725e-13
-1.981545831195594e-13
2.783027809461176e-29
-1.981545831195571e-13
-6.542957551711726e-13
1.110071185627594e-13
-2.041222778848122e-14
6.787020324362199e-13
1.211241377650470e-13
9.884204458487783e-13
2.868273779846633e-13
2.109357622681790e-13
-9.621530073083548e-14
1.954279552106849e-13
5.305333742726789e-13
1.083440402849492e-13
-7.541073471119909e-13
-1.072736083658881e-13
1.179719958540660e-27
-1.072736083658888e-13
7.541073471119919e-13
1.083440402849471e-13
-5.305333742726822e-13
1.954279552106846e-13
9.621530073083648e-14
2.109357622681788e-13
-2.868273779846646e-13
-1.459674808493192e-13
-2.249408922487767e-13
2.989559464331515e-13
-6.521459083656792e-13
1.599408835419604e-13
-3.059345560458428e-13
-2.805386428158002e-14
2.200272351927654e-13
-2.243016374022569e-13
-2.201038300389100e-28
-2.243016374022563e-13
-2.200272351927675e-13
-2.805386428158246e-14
3.059345560458428e-13
1.599408835419595e-13
6.521459083656781e-13
2.989559464331555e-13
2.249408922487776e-13
-1.459674808493069e-13
-2.472407291100474e-13
-3.144841063453696e-14
-8.764600459525953e-13
4.919806494243800e-14
-4.116158411437292e-13
-2.994238577720698e-14
-1.029905313165412e-13
-9.910033354442358e-14
-8.235784159838407e-13
1.677940516063775e-14
9.875103989830734e-30
1.677940516063776e-14
8.235784159838401e-13
-9.910033354442366e-14
1.029905313165410e-13
-2.994238577720695e-14
4.116158411437278e-13
4.919806494243795e-14
8.764600459525955e-13
-3.144841063453688e-14
2.472407291100476e-13
-2.671479284356960e-15
-6.641172350586960e-15
2.549306298294393e-13
-2.283863346399308e-13
-4.712339098768548e-14
6.100987227027876e-14
-4.278622888448404e-13
3.735175206997660e-14
-1.289591749092812e-13
-5.914524361971715e-13
7.921059066067474e-14
-5.006038367844571e-29
7.921059066067489e-14
5.914524361971724e-13
-1.289591749092812e-13
-3.735175206997653e-14
-4.278622888448406e-13
-6.100987227027877e-14
-4.712339098768562e-14
2.283863346399307e-13
2.549306298294396e-13
6.641172350586984e-15
-2.671479284356967e-15
-6.529401523063292e-14
-1.060494141475241e-13
-8.674935877648904e-13
-1.340339224284310e-13
-7.220231652143304e-13
-6.576188255205206e-14
1.130391416340008e-13
-3.743686412925232e-14
-6.623265797471705e-14
-4.146554740856507e-15
-4.031598264975394e-14
1.717942047112664e-14
4.474849058640045e-30
1.717942047112660e-14
4.031598264975385e-14
-4.146554740856513e-15
6.623265797471681e-14
-3.743686412925229e-14
-1.130391416340009e-13
-6.576188255205205e-14
7.220231652143305e-13
-1.340339224284310e-13
8.674935877648898e-13
-1.060494141475241e-13
6.529401523063288e-14
9.931765774195594e-14
1.288450128438031e-13
1.798368703042108e-13
7.699065852334352e-14
2.181397255191475e-15
2.385177135673014e-13
-2.140533007327060e-13
4.295308482559777e-13
1.048418439585470e-13
3.465456948463054e-13
1.558593511015541e-13
6.277119077100981e-13
-4.047185616723637e-14
-1.140851711493128e-29
-4.047185616723637e-14
-6.277119077100979e-13
1.558593511015541e-13
-3.465456948463055e-13
1.048418439585471e-13
-4.295308482559778e-13
-2.140533007327060e-13
-2.385177135673017e-13
2.181397255191480e-15
-7.699065852334350e-14
1.798368703042110e-13
-1.288450128438030e-13
9.931765774195597e-14
-3.132015769978821e-14
-1.579630868872485e-14
1.089084900886685e-13
-4.358558597787027e-14
1.497242126035540e-13
-6.529042000692857e-15
3.007104525442455e-13
-2.758500258343745e-14
1.328010331184862e-13
1.609867094205675e-14
8.591676851334563e-14
5.481668822794502e-14
2.362322684260196e-13
-4.805662014453631e-14
5.123828593611299e-30
-4.805662014453622e-14
-2.362322684260199e-13
5.481668822794501e-14
-8.591676851334561e-14
1.609867094205674e-14
-1.328010331184863e-13
-2.758500258343744e-14
-3.007104525442452e-13
-6.529042000692860e-15
-1.497242126035540e-13
-4.358558597787028e-14
-1.089084900886685e-13
-1.579630868872486e-14
3.132015769978830e-14
9.548042592430767e-14
-3.910668557662520e-14
2.928810494295270e-14
-3.488708769119642e-15
-5.112089085189354e-14
6.784254668707118e-14
-1.919374748857372e-14
-6.314544230351579e-15
7.503881962336848e-14
-2.063970632009195e-13
3.162791404789259e-14
-2.419646249566597e-13
-2.798962867546432e-14
-3.414355444701995e-13
-3.267939444800019e-14
-6.454083527995541e-30
-3.267939444800016e-14
3.414355444701992e-13
-2.798962867546434e-14
2.419646249566596e-13
3.162791404789263e-14
2.063970632009191e-13
7.503881962336847e-14
6.314544230351577e-15
-1.919374748857369e-14
-6.784254668707119e-14
-5.112089085189351e-14
3.488708769119640e-15
2.928810494295270e-14
3.910668557662521e-14
9.548042592430767e-14
0.000000000000000e+00
0.000000000000000e+00
0.000000000000000e+00
0.000000000000000e+00
0.000000000000000e+00
0.000000000000000e+00
0.000000000000000e+00
0.000000000000000e+00
0.000000000000000e+00
0.000000000000000e+00
0.000000000000000e+00
0.000000000000000e+00
0.000000000000000e+00
0.000000000000000e+00
0.000000000000000e+00
0.000000000000000e+00
0.000000000000000e+00
0.000000000000000e+00
0.000000000000000e+00
0.000000000000000e+00
0.000000000000000e+00
0.000000000000000e+00
0.000000000000000e+00
0.000000000000000e+00
0.000000000000000e+00
0.000000000000000e+00
0.000000000000000e+00
0.000000000000000e+00
0.000000000000000e+00
0.000000000000000e+00
0.000000000000000e+00
0.000000000000000e+00
0.000000000000000e+00
-1.998609676194530e-13
6.432538119771340e-11
-5.787433499624967e-11
-6.432538119771338e-11
-6.513844103167118e-12
-2.455395831673349e-13
3.775297307393634e-11
2.455395831673335e-13
-6.513844103167138e-12
1.794013793081431e-12
-4.890885798026287e-13
-2.399918394014982e-12
2.366207847423214e-11
2.399918394014982e-12
-4.890885798026317e-13
-1.794013793081463e-12
1.978664662602061e-12
-8.092165174279731e-14
-8.706305955193269e-12
-1.304757351990597e-13
-3.176100355308445e-12
1.304757351990569e-13
-8.706305955193268e-12
8.092165174279391e-14
1.978664662602050e-12
2.053820701905923e-12
-3.814964860028320e-14
3.988556864309610e-13
1.067458857247050e-12
-1.200662749513122e-13
-9.902113142621277e-14
1.200662749513131e-13
1.067458857247050e-12
-3.988556864309603e-13
-3.814964860028302e-14
-2.053820701905917e-12
1.189636169429042e-12
-1.823249550515909e-14
-1.778665429723061e-13
2.423690025264996e-14
3.441296066717257e-12
-1.443885696497960e-14
3.573800959350533e-12
1.443885696497868e-14
3.441296066717255e-12
-2.423690025265023e-14
-1.778665429723119e-13
1.823249550516170e-14
1.189636169429037e-12
-1.864588809759037e-12
9.142416822473197e-14
5.191319374530567e-13
-2.479938067770256e-13
-8.718292135412256e-14
-3.968798460388118e-13
4.399236003187413e-13
6.757765952767179e-13
-4.399236003187395e-13
-3.968798460388144e-13
8.718292135412088e-14
-2.479938067770264e-13
-5.191319374530639e-13
9.142416822473228e-14
1.864588809758995e-12
-5.528055685719699e-13
-1.804114994488002e-14
-2.412782658388882e-13
2.475813002569868e-14
-2.377249353749225e-13
6.605084263671404e-14
1.157334917490073e-12
7.344650967296596e-14
4.697048716441072e-12
-7.344650967296726e-14
1.157334917490081e-12
-6.605084263671458e-14
-2.377249353749232e-13
-2.475813002569915e-14
-2.412782658388877e-13
1.804114994487967e-14
-5.528055685719696e-13
2.034750401823647e-13
4.646095267694431e-13
-4.119911625129327e-14
-1.114586704548638e-13
3.378519807668653e-13
-1.699574009029831e-13
-1.227785449530261e-13
-3.160701381086252e-13
9.420855506420760e-14
2.806536692580354e-13
-9.420855506421184e-14
-3.160701381086235e-13
1.227785449530214e-13
-1.699574009029829e-13
-3.378519807668647e-13
-1.114586704548621e-13
4.119911625129409e-14
4.646095267694410e-13
-2.034750401823622e-13
2.013776319272380e-13
-1.038379223459526e-13
1.410309365527096e-13
-9.147655116595013e-15
-3.535551047472587e-13
6.111604444332372e-14
-4.139844800464940e-15
-3.240855494141207e-14
5.502660388286474e-13
-7.102562930543284e-14
-4.103866140464488e-15
7.102562930543284e-14
5.502660388286465e-13
3.240855494141211e-14
-4.139844800464838e-15
-6.111604444332369e-14
-3.535551047472591e-13
9.147655116595015e-15
1.410309365527095e-13
1.038379223459527e-13
2.013776319272382e-13
-7.257809546753345e-14
9.855030197142115e-14
-1.366118351370335e-13
3.193562699643990e-14
2.897300485891150e-13
-1.607055926080063e-13
-1.861929314024598e-13
2.486467565594663e-13
-7.597329461588295e-14
3.834892987308545e-13
-1.516066028262442e-13
-9.925448618707576e-13
1.516066028262443e-13
3.834892987308549e-13
7.597329461588282e-14
2.486467565594663e-13
1.861929314024599e-13
-1.607055926080063e-13
-2.897300485891153e-13
3.193562699643993e-14
1.366118351370338e-13
9.855030197142121e-14
7.257809546753349e-14
9.015903841885280e-14
6.378716594262503e-14
8.053832665742871e-13
-2.849564968052963e-14
-8.792054002163332e-13
-5.845790192482759e-14
1.746792153364649e-13
1.465202519812822e-14
2.010034586662529e-14
-2.413297244188074e-14
-1.071398309534581e-14
1.758076915975775e-15
1.028691752617320e-15
-1.758076915975749e-15
-1.071398309534580e-14
2.413297244188079e-14
2.010034586662529e-14
-1.465202519812821e-14
1.746792153364649e-13
5.845790192482760e-14
-8.792054002163332e-13
2.849564968052972e-14
8.053832665742865e-13
-6.378716594262500e-14
9.015903841885273e-14
-1.530360900251941e-15
-5.672197834403737e-14
8.858472491510962e-15
1.218804625470478e-13
1.404721555008981e-13
-2.369586970203567e-13
3.976447609525944e-14
6.067272650575018e-14
-1.404993630838596e-13
-2.568290579737078e-14
1.175447256634330e-13
-2.566255247088325e-13
6.538111034684410e-14
9.214462267676502e-13
-6.538111034684425e-14
-2.566255247088323e-13
-1.175447256634331e-13
-2.568290579737078e-14
1.404993630838593e-13
6.067272650575015e-14
-3.976447609525944e-14
-2.369586970203568e-13
-1.404721555008981e-13
1.218804625470477e-13
-8.858472491510968e-15
-5.672197834403740e-14
1.530360900251896e-15
1.451646530745627e-14
4.341850113187307e-14
-1.501765551393521e-13
-4.153482770073066e-15
5.106715683736298e-14
1.414771284992073e-15
8.256916336274080e-14
3.906557164186435e-14
3.158646777975840e-14
-7.333455185401455e-14
2.227873301799306e-14
4.103501794570245e-14
-1.863163357540002e-13
5.367575400714502e-14
2.424952206052318e-13
-5.367575400714498e-14
-1.863163357540001e-13
-4.103501794570248e-14
2.227873301799302e-14
7.333455185401458e-14
3.158646777975839e-14
-3.906557164186433e-14
8.256916336274079e-14
-1.414771284992073e-15
5.106715683736299e-14
4.153482770073064e-15
-1.501765551393519e-13
-4.341850113187310e-14
1.451646530745628e-14
-6.613386279604737e-14
3.070728998821934e-14
8.487695320581064e-14
-7.134454741123883e-14
-5.642568576539629e-14
-4.243467954924835e-14
3.908428335162138e-15
1.127808027723130e-13
-6.623682593735997e-14
2.546417316082224e-14
8.040383888857330e-14
-2.238738880689461e-14
-5.429297151900889e-14
1.090564827103838e-13
5.691836054264048e-14
-4.700209728795876e-13
-5.691836054264044e-14
1.090564827103837e-13
5.429297151900873e-14
-2.238738880689463e-14
-8.040383888857341e-14
2.546417316082227e-14
6.623682593736002e-14
1.127808027723130e-13
-3.908428335162140e-15
-4.243467954924840e-14
5.642568576539633e-14
-7.134454741123884e-14
-8.487695320581064e-14
3.070728998821929e-14
6.613386279604737e-14
0.000000000000000e+00
0.000000000000000e+00
0.000000000000000e+00
0.000000000000000e+00
0.000000000000000e+00
0.000000000000000e+00
0.000000000000000e+00
0.000000000000000e+00
0.000000000000000e+00
0.000000000000000e+00
0.000000000000000e+00
0.000000000000000e+00
0.000000000000000e+00
0.000000000000000e+00
0.000000000000000e+00
0.000000000000000e+00
0.000000000000000e+00
0.000000000000000e+00
0.000000000000000e+00
0.000000000000000e+00
0.000000000000000e+00
0.000000000000000e+00
0.000000000000000e+00
0.000000000000000e+00
0.000000000000000e+00
0.000000000000000e+00
0.000000000000000e+00
0.000000000000000e+00
0.000000000000000e+00
0.000000000000000e+00
0.000000000000000e+00
0.000000000000000e+00
0.000000000000000e+00
0.000000000000000e+00
1.950331773698810e+00
-2.110075774888659e-28
1.950331773698810e+00
1.134239275117451e-12
5.147980541581390e-10
5.417432984936798e-27
5.147980541581391e-10
-1.134239275117441e-12
-3.737365307515616e-13
-3.480380212833126e-13
-7.027663178793991e-02
-8.958296910139390e-29
-7.027663178793993e-02
3.480380212833093e-13
-3.737380952908905e-13
9.439469039758073e-13
4.908036816379615e-13
-2.830610239443191e-12
7.585810101405901e-11
2.519136900276318e-27
7.585810101405900e-11
2.830610239443206e-12
4.908036816379637e-13
-9.439469039758376e-13
-1.407385985306399e-12
2.933408440630478e-13
-1.399447401482650e-12
-4.636367816574231e-13
2.028487661692593e-04
2.942875845877567e-28
2.028487661692486e-04
4.636367816574213e-13
-1.399447432406889e-12
-2.933408440630488e-13
-1.407386003502665e-12
-9.036282620641760e-13
-1.113265843422414e-13
5.924393530967348e-13
1.998511846727123e-13
-3.989962036988801e-13
-9.867788326677075e-11
5.137884040428708e-28
-9.867788326677072e-11
3.989962036988797e-13
1.998511846727118e-13
-5.924393530967388e-13
-1.113265843422410e-13
9.036282620641589e-13
1.924120663543336e-12
5.694018984443896e-13
-3.369858905286958e-13
-4.679400159275879e-13
4.392233790828527e-13
2.507410523713638e-13
7.855203356687490e-03
-2.712419636209806e-28
7.855203356687492e-03
-2.507410523713639e-13
4.392233888889751e-13
4.679400159275899e-13
-3.369858911221869e-13
-5.694018984443900e-13
1.924120663579282e-12
7.723569708273394e-13
-1.998163491774097e-13
-4.425350323849290e-13
7.157685155644613e-14
-1.815615822532421e-13
-1.579792989942225e-13
1.672364754280838e-12
-4.496433137766524e-11
-1.292684386730919e-27
-4.496433137766524e-11
-1.672364754280837e-12
-1.579792989942212e-13
1.815615822532408e-13
7.157685155644632e-14
4.425350323849302e-13
-1.998163491774108e-13
-7.723569708273380e-13
-7.342380279822523e-13
2.509589943184976e-14
4.871967034265705e-14
-7.169582556531192e-14
-2.488471233892295e-13
-4.624618308837925e-14
-1.751915472334989e-13
7.941171267827848e-14
2.210749215241174e-03
2.347228052333282e-28
2.210749215241171e-03
-7.941171267827723e-14
-1.751915796476216e-13
4.624618308837886e-14
-2.488471232839076e-13
7.169582556531304e-14
4.871967034359158e-14
-2.509589943184893e-14
-7.342380279820514e-13
-7.064776630927374e-13
1.772562051977357e-13
3.846186834127224e-13
-2.319005000026099e-13
-3.681801725094172e-13
1.026028154139475e-13
5.474324669042540e-14
4.483197730430592e-14
3.934185261893752e-13
-5.191915430518122e-12
1.440117891174995e-29
-5.191915430518122e-12
-3.934185261893747e-13
4.483197730430583e-14
-5.474324669042550e-14
1.026028154139474e-13
3.681801725094172e-13
-2.319005000026098e-13
-3.846186834127228e-13
1.772562051977360e-13
7.064776630927371e-13
2.410869798270292e-13
-4.817921396706549e-14
-8.895828312775760e-14
8.712748473543707e-16
-3.831718212335132e-13
-2.575280392488836e-14
2.298808057173746e-13
2.179621817532251e-13
-9.650482840013128e-15
-7.603674469411061e-14
1.689533615236030e-04
-2.093721661049641e-30
1.689533615236030e-04
7.603674469411060e-14
-9.650480052296602e-15
-2.179621817532249e-13
2.298808057250275e-13
2.575280392488832e-14
-3.831718212332982e-13
-8.712748473543568e-16
-8.895828312775940e-14
4.817921396706552e-14
2.410869798270294e-13
5.911120008482632e-13
9.629205262496816e-14
-4.301264362558200e-13
-3.151364669478090e-14
1.946550509316903e-13
1.069164859627841e-13
4.106880818077782e-13
-1.121206211106326e-13
-3.158320984192502e-15
-8.423709128564237e-15
-4.914592767743401e-13
2.537249432136947e-12
-1.758283098315718e-30
2.537249432136946e-12
4.914592767743406e-13
-8.423709128564172e-15
3.158320984192512e-15
-1.121206211106327e-13
-4.106880818077785e-13
1.069164859627841e-13
-1.946550509316904e-13
-3.151364669478092e-14
4.301264362558200e-13
9.629205262496823e-14
-5.911120008482634e-13
1.439735119798561e-14
-1.446824939701652e-14
1.802504719904998e-13
-2.077202174926540e-13
-2.112996447337103e-13
1.309109665133723e-15
8.237785481883787e-14
2.536050696129523e-13
1.197926621300691e-14
-7.999318945608494e-14
-4.547199252229022e-15
-4.003057148302032e-15
-8.507721885720467e-05
9.808336503058954e-31
-8.507721885720464e-05
4.003057148302010e-15
-4.547199199074217e-15
7.999318945608489e-14
1.197926621859165e-14
-2.536050696129526e-13
8.237785481877159e-14
-1.309109665133690e-15
-2.112996447337107e-13
2.077202174926537e-13
1.802504719904998e-13
1.446824939701653e-14
1.439735119798563e-14
-1.883596467889133e-13
-4.599284808720652e-14
3.161791322292059e-13
8.395998773641531e-14
-2.671506371726888e-13
-3.796451711676620e-14
-9.653068672063345e-14
-1.444231459142705e-14
-6.905967788632901e-14
3.277702099282327e-14
-1.727621589305618e-14
2.478532347411555e-14
3.011580653816813e-13
1.308253317120528e-12
1.339363657139985e-30
1.308253317120529e-12
-3.011580653816812e-13
2.478532347411547e-14
1.727621589305619e-14
3.277702099282320e-14
6.905967788632904e-14
-1.444231459142703e-14
9.653068672063332e-14
-3.796451711676619e-14
2.671506371726885e-13
8.395998773641532e-14
-3.161791322292060e-13
-4.599284808720655e-14
1.883596467889133e-13
5.907590998511680e-14
1.137161170815799e-13
-6.359290950881658e-15
-2.982131344168723e-14
1.719993647568492e-14
3.291122464183831e-14
-5.651862944770914e-14
3.547201805435564e-14
4.766453683456210e-14
-1.420912175753759e-13
-3.606070169717220e-14
-1.556883818865601e-14
-1.216648276994586e-14
6.129548190946647e-15
-3.302600255011162e-05
-7.101632161480447e-30
-3.302600255011161e-05
-6.129548190946673e-15
-1.216648241960467e-14
1.556883818865602e-14
-3.606070169845214e-14
1.420912175753759e-13
4.766453683455066e-14
-3.547201805435560e-14
-5.651862944770914e-14
-3.291122464183831e-14
1.719993647568489e-14
2.982131344168721e-14
-6.359290950881664e-15
-1.137161170815799e-13
5.907590998511685e-14
0.000000000000000e+00
0.000000000000000e+00
0.000000000000000e+00
0.000000000000000e+00
0.000000000000000e+00
0.000000000000000e+00
0.000000000000000e+00
0.000000000000000e+00
0.000000000000000e+00
0.000000000000000e+00
0.000000000000000e+00
0.000000000000000e+00
0.000000000000000e+00
0.000000000000000e+00
0.000000000000000e+00
0.000000000000000e+00
0.000000000000000e+00
0.000000000000000e+00
0.000000000000000e+00
0.000000000000000e+00
0.000000000000000e+00
0.000000000000000e+00
0.000000000000000e+00
0.000000000000000e+00
0.000000000000000e+00
0.000000000000000e+00
0.000000000000000e+00
0.000000000000000e+00
0.000000000000000e+00
0.000000000000000e+00
0.000000000000000e+00
0.000000000000000e+00
0.000000000000000e+00
-4.034283713301100e-14
3.575460239599710e-11
1.053640383763070e+00
-3.575460239599709e-11
4.686526865061676e-14
-3.216362655810476e-11
2.608930318654943e-09
3.216362655810474e-11
4.686526865063143e-14
-1.697710509008564e-14
1.927119147208173e-12
-3.159625729285120e-12
-4.212994463819940e-01
3.159625729285116e-12
1.927118938908726e-12
1.697710509008001e-14
3.701160653489562e-13
1.060217162429221e-12
6.000482878274327e-14
-2.183216426233162e-11
8.804289561095381e-10
2.183216426233162e-11
6.000482878274467e-14
-1.060217162429219e-12
3.701160653489583e-13
1.166093962208783e-13
-2.173432597318429e-13
9.055371152168286e-14
8.375916575806571e-13
-1.973985874958651e-13
-7.334890356573714e-02
1.973985874958651e-13
8.375917010350739e-13
-9.055371152168173e-14
-2.173432578602462e-13
-1.166093962208775e-13
2.818708532645197e-13
-1.349607412693399e-12
-2.254456958491406e-13
-7.942492526548266e-13
-8.406783380208015e-15
-3.855276170136257e-12
3.898215550939617e-11
3.855276170136255e-12
-8.406783380207796e-15
7.942492526548227e-13
-2.254456958491404e-13
1.349607412693401e-12
2.818708532645190e-13
1.687787450518596e-13
4.476248221952043e-13
-2.362106300979746e-13
4.147365706319300e-13
7.725966079047810e-14
5.882854853171627e-13
7.493496873975465e-14
-1.450125458857487e-03
-7.493496873975598e-14
5.882853655549693e-13
-7.725966079047869e-14
4.147365676727579e-13
2.362106300979756e-13
4.476248221427673e-13
-1.687787450518608e-13
-2.766725678479126e-13
-9.749454639951310e-14
-6.607341842669241e-14
1.757403501039271e-13
-9.128902912998307e-14
2.083543082547307e-13
1.211532008531777e-14
1.970158541489364e-13
-4.044105136764991e-11
-1.970158541489356e-13
1.211532008531789e-14
-2.083543082547312e-13
-9.128902912998306e-14
-1.757403501039258e-13
-6.607341842669181e-14
9.749454639951368e-14
-2.766725678479129e-13
-1.053499736096963e-13
-2.363069707724789e-13
-1.546063896169626e-13
6.943357508645430e-14
1.637822184542275e-13
-4.883709925592295e-14
2.530350517104182e-14
-5.414803410263451e-14
3.963529565535249e-14
1.416643553919335e-03
-3.963529565535263e-14
-5.414796943399059e-14
-2.530350517104194e-14
-4.883709886397169e-14
-1.637822184542294e-13
6.943357509224881e-14
1.546063896169616e-13
-2.363069707726315e-13
1.053499736096919e-13
5.164714853188903e-14
1.194960534226885e-13
-3.921653580792861e-14
6.259272379573423e-14
2.406423886092249e-14
5.266604708144669e-14
3.468210150304351e-14
3.003567499769490e-14
-2.371193446594510e-15
1.058675838547887e-13
-6.574816999268040e-12
-1.058675838547884e-13
-2.371193446594363e-15
-3.003567499769466e-14
3.468210150304354e-14
-5.266604708144687e-14
2.406423886092250e-14
-6.259272379573422e-14
-3.921653580792861e-14
-1.194960534226884e-13
5.164714853188901e-14
1.696813204123556e-13
-2.963466603282493e-13
7.511224031719009e-14
-6.476014362960031e-14
4.837307643501498e-14
1.220432121921343e-13
5.272009260706100e-14
-1.662497101527703e-14
-9.248076593138462e-15
1.302052095087792e-14
1.549392337295398e-14
6.261865567047731e-05
-1.549392337295396e-14
1.302051909657005e-14
9.248076593138479e-15
-1.662497101919373e-14
-5.272009260706102e-14
1.220432121925776e-13
-4.837307643501499e-14
-6.476014362960053e-14
-7.511224031719001e-14
-2.963466603282496e-13
-1.696813204123556e-13
1.241089633409091e-13
-1.286065520371977e-13
-1.858951783763435e-14
4.560368785102931e-15
6.910384782011759e-14
6.671364462948387e-14
-4.329139503493925e-14
-1.509502778786673e-13
6.738207343569855e-15
-8.060605370766535e-14
9.949823113547122e-15
-5.612333681757276e-14
3.112949482893297e-12
5.612333681757288e-14
9.949823113546894e-15
8.060605370766530e-14
6.738207343569885e-15
1.509502778786673e-13
-4.329139503493930e-14
-6.671364462948384e-14
6.910384782011759e-14
-4.560368785102929e-15
-1.858951783763435e-14
1.286065520371981e-13
1.241089633409091e-13
-2.787968716582665e-14
-4.465503795599953e-14
-3.318329051572199e-14
2.458007396043153e-14
4.718781772334912e-14
9.510389841534390e-14
-4.718769279800950e-15
-5.507566837098524e-14
-7.733722133467349e-14
5.835590538623668e-15
-8.125918164909502e-15
2.393814556145969e-15
-9.033851745640882e-15
-1.289716787369012e-04
9.033851745640882e-15
2.393813909209553e-15
8.125918164909490e-15
5.835590540991390e-15
7.733722133467345e-14
-5.507566837091169e-14
4.718769279800982e-15
9.510389841534343e-14
-4.718781772334909e-14
2.458007396043149e-14
3.318329051572198e-14
-4.465503795599948e-14
2.787968716582666e-14
4.762478662432497e-14
1.569029706137569e-13
5.274284251800668e-14
-1.074326711183116e-13
-2.871727346993431e-15
-2.883871684716654e-14
-6.453281474164476e-16
1.857443965234221e-14
2.364015644515314e-14
1.118477873101154e-13
-5.786784002491114e-15
6.694576069362896e-14
-2.162728330363180e-15
-4.289692941887418e-14
9.342373415278142e-13
4.289692941887417e-14
-2.162728330363091e-15
-6.694576069362894e-14
-5.786784002491119e-15
-1.118477873101153e-13
2.364015644515312e-14
-1.857443965234221e-14
-6.453281474164340e-16
2.883871684716651e-14
-2.871727346993432e-15
1.074326711183116e-13
5.274284251800672e-14
-1.569029706137571e-13
4.762478662432497e-14
1.895917376875023e-13
2.847151530537961e-14
-6.071918845417907e-14
-1.076895826888618e-14
6.695793667714597e-16
5.457160457817359e-14
-8.409915012446133e-14
-3.843222162336380e-14
-8.346351454342726e-14
-1.871588410995704e-14
3.470797062083421e-14
-1.039061269098187e-16
1.883828212372391e-14
2.489637542738542e-15
3.490193011969778e-15
-3.617940136285039e-05
-3.490193011969780e-15
2.489637390671438e-15
-1.883828212372392e-14
-1.039061309870145e-16
-3.470797062083420e-14
-1.871588410997331e-14
8.346351454342730e-14
-3.843222162336400e-14
8.409915012446140e-14
5.457160457817363e-14
-6.695793667714788e-16
-1.076895826888617e-14
6.071918845417906e-14
2.847151530537961e-14
-1.895917376875023e-13
0.000000000000000e+00
0.000000000000000e+00
0.000000000000000e+00
0.000000000000000e+00
0.000000000000000e+00
0.000000000000000e+00
0.000000000000000e+00
0.000000000000000e+00
0.000000000000000e+00
0.000000000000000e+00
0.000000000000000e+00
0.000000000000000e+00
0.000000000000000e+00
0.000000000000000e+00
0.000000000000000e+00
0.000000000000000e+00
0.000000000000000e+00
0.000000000000000e+00
0.000000000000000e+00
0.000000000000000e+00
0.000000000000000e+00
0.000000000000000e+00
0.000000000000000e+00
0.000000000000000e+00
0.000000000000000e+00
0.000000000000000e+00
0.000000000000000e+00
0.000000000000000e+00
0.000000000000000e+00
0.000000000000000e+00
0.000000000000000e+00
0.000000000000000e+00
0.000000000000000e+00
0.000000000000000e+00
8.400494857423512e-11
-4.330030807751348e-28
8.400494857423511e-11
-4.179775132447134e-13
5.009198533918643e-11
5.974839289532711e-28
5.009198533918644e-11
4.179775132447184e-13
-9.224882426825745e-13
-1.550209120388459e-12
-7.453381834884978e-12
4.674299289060970e-28
-7.453381834884978e-12
1.550209120388461e-12
-9.224882426825723e-13
3.426743865729945e-13
-9.486524368958600e-15
-4.001974623395477e-13
3.570197654285822e-11
-2.135158681683167e-28
3.570197654285824e-11
4.001974623395486e-13
-9.486524368963516e-15
-3.426743865729897e-13
-4.751260419240782e-14
4.666196895924235e-13
5.518318188897824e-13
-6.981950233544164e-13
-3.511591059069593e-13
-1.685972522198148e-29
-3.511591059069586e-13
6.981950233544288e-13
5.518318188897821e-13
-4.666196895924229e-13
-4.751260419240779e-14
2.238219838479229e-13
2.109671814258508e-13
-1.132924014166322e-13
-1.430076062839788e-12
-3.399387746175391e-14
5.792264902735662e-12
-9.032057371057965e-29
5.792264902735664e-12
3.399387746175555e-14
-1.430076062839772e-12
1.132924014166330e-13
2.109671814258556e-13
-2.238219838479228e-13
-1.159624923044395e-13
3.906166159395865e-13
-5.252994387260969e-14
2.399175976361333e-13
-3.405150511406682e-14
-2.498663412912291e-13
2.253648018093506e-13
1.542127936988790e-28
2.253648018093527e-13
2.498663412912210e-13
-3.405150511406692e-14
-2.399175976361381e-13
-5.252994387260924e-14
-3.906166159395896e-13
-1.159624923044426e-13
-1.694798897106177e-13
1.741306998694628e-13
-2.515956182951276e-14
-1.697194662773749e-13
-2.571102583171546e-14
-1.164335139422422e-14
-9.576901064818000e-16
-4.538831651208775e-13
-3.288973995970628e-28
-4.538831651208798e-13
9.576901064798569e-16
-1.164335139422351e-14
2.571102583171368e-14
-1.697194662773740e-13
2.515956182951106e-14
1.741306998694651e-13
1.694798897106154e-13
-2.228076263673303e-13
-1.069061879419983e-13
2.367839063586152e-13
1.968022845991443e-13
4.872583623674062e-14
3.509604636305803e-14
8.906529172522375e-15
1.019647295825584e-14
1.241235663798263e-13
7.082888239747676e-29
1.241235663798263e-13
-1.019647295826058e-14
8.906529172522572e-15
-3.509604636305879e-14
4.872583623674155e-14
-1.968022845991427e-13
2.367839063586146e-13
1.069061879420000e-13
-2.228076263673365e-13
8.312178182523112e-14
5.060082245898989e-14
7.739370738075409e-16
1.438298118796275e-13
3.265222713790791e-14
4.550341063020081e-14
3.895226099987329e-14
4.773969212034525e-14
-1.631171045123480e-14
-1.557374228962247e-13
-7.218515491706160e-30
-1.557374228962248e-13
1.631171045123481e-14
4.773969212034529e-14
-3.895226099987326e-14
4.550341063020091e-14
-3.265222713790789e-14
1.438298118796275e-13
-7.739370738075472e-16
5.060082245898985e-14
-8.312178182523128e-14
-4.003437446306070e-14
-8.877053808650814e-15
1.157561573372354e-13
-2.816475860654970e-14
-4.776092241728886e-14
1.621968819193566e-13
-6.643621084852189e-14
1.675062964483350e-15
3.047450605582480e-14
-9.120384963160066e-15
4.226512308433286e-14
-7.425371261178872e-30
4.226512308433282e-14
9.120384963160046e-15
3.047450605582477e-14
-1.675062964483345e-15
-6.643621084852194e-14
-1.621968819193565e-13
-4.776092241728889e-14
2.816475860654973e-14
1.157561573372354e-13
8.877053808650896e-15
-4.003437446306064e-14
2.363139390642794e-14
1.735652935880131e-13
5.226616242585062e-14
4.286780635046528e-13
3.880679353538668e-14
-1.172326463582903e-13
-1.782681593842682e-15
1.116776111678472e-14
3.986463369620383e-15
-1.535123003021894e-14
-2.184738366854432e-15
6.837804469928281e-14
-9.576835849283621e-31
6.837804469928288e-14
2.184738366854413e-15
-1.535123003021881e-14
-3.986463369620378e-15
1.116776111678476e-14
1.782681593842694e-15
-1.172326463582905e-13
-3.880679353538670e-14
4.286780635046524e-13
-5.226616242585055e-14
1.735652935880134e-13
-2.363139390642792e-14
-1.080347644828165e-13
-1.708687255863636e-13
-7.486239737199099e-14
-3.178894043363640e-14
-9.302802812532345e-15
6.293667449237056e-14
-1.153941350607990e-13
-8.514728140273329e-14
-1.273543280294002e-14
-4.373558527519743e-14
-4.269707903846040e-14
-5.446759378146380e-16
-5.289123629723436e-14
-2.402252846720891e-30
-5.289123629723431e-14
5.446759378146422e-16
-4.269707903846029e-14
4.373558527519742e-14
-1.273543280294003e-14
8.514728140273329e-14
-1.153941350607991e-13
-6.293667449237060e-14
-9.302802812532351e-15
3.178894043363645e-14
-7.486239737199096e-14
1.708687255863634e-13
-1.080347644828167e-13
-4.125903223846316e-14
6.321359229241543e-14
3.150084890384866e-14
-1.105727626715818e-13
-2.111198636895750e-14
-3.738251468295940e-13
-2.165178899959275e-14
-6.692646061623945e-15
3.873742729045438e-15
-1.797501703507472e-14
-7.215300453175826e-15
-6.053538401425107e-16
2.043143763878785e-15
6.540793473538231e-14
-1.287940517706366e-30
6.540793473538232e-14
-2.043143763878783e-15
-6.053538401425007e-16
7.215300453175822e-15
-1.797501703507472e-14
-3.873742729045443e-15
-6.692646061623942e-15
2.165178899959273e-14
-3.738251468295938e-13
2.111198636895747e-14
-1.105727626715818e-13
-3.150084890384867e-14
6.321359229241540e-14
4.125903223846316e-14
8.744669934824040e-15
-1.127460267864943e-13
7.003828821297600e-14
8.057723043659375e-14
1.603877301968963e-14
2.638956247654165e-14
-3.378004314130240e-14
-2.308780941722856e-14
9.534909867230985e-14
-1.798196433830295e-14
7.229384077505738e-14
2.949120854515342e-14
3.526326644343558e-14
-1.312184634436854e-15
2.211243376481225e-14
-2.086905087462338e-30
2.211243376481222e-14
1.312184634436859e-15
3.526326644343556e-14
-2.949120854515338e-14
7.229384077505736e-14
1.798196433830300e-14
9.534909867230974e-14
2.308780941722856e-14
-3.378004314130241e-14
-2.638956247654163e-14
1.603877301968962e-14
-8.057723043659381e-14
7.003828821297593e-14
1.127460267864942e-13
8.744669934824035e-15
0.000000000000000e+00
0.000000000000000e+00
0.000000000000000e+00
0.000000000000000e+00
0.000000000000000e+00
0.000000000000000e+00
0.000000000000000e+00
0.000000000000000e+00
0.000000000000000e+00
0.000000000000000e+00
0.000000000000000e+00
0.000000000000000e+00
0.000000000000000e+00
0.000000000000000e+00
0.000000000000000e+00
0.000000000000000e+00
0.000000000000000e+00
0.000000000000000e+00
0.000000000000000e+00
0.000000000000000e+00
0.000000000000000e+00
0.000000000000000e+00
0.000000000000000e+00
0.000000000000000e+00
0.000000000000000e+00
0.000000000000000e+00
0.000000000000000e+00
0.000000000000000e+00
0.000000000000000e+00
0.000000000000000e+00
0.000000000000000e+00
0.000000000000000e+00
0.000000000000000e+00
