2.791972981168260e-13
1.950524441678010e+00
-7.982597567139541e-12
-1.950524441678010e+00
4.526481545931105e-12
7.077888574862975e-10
-2.813995026641396e-11
-7.077888574862975e-10
4.526481545931090e-12
8.299383243630255e-13
-7.575384618302637e-12
-7.031476955635090e-02
-1.212534798175592e-11
7.031476955635090e-02
-7.575384618302634e-12
-8.299360078568153e-13
3.180509283074270e-12
2.237508283824921e-12
-3.860399017562586e-12
1.086832931162383e-10
4.966179301542343e-13
-1.086832931162383e-10
-3.860399017562605e-12
-2.237508283824924e-12
3.180509283074298e-12
-1.320681945201940e-12
-1.388012986383926e-13
-8.395369891208637e-13
5.318978663640962e-12
1.126553724103812e-04
1.512740375170973e-11
-1.126553724103984e-04
5.318978663640960e-12
8.395372917922082e-13
-1.388012986383922e-13
1.320681963014245e-12
-4.643081661384006e-12
-1.519122555618713e-12
-4.947045738909771e-12
-9.462912174887960e-13
2.564421681377475e-12
-1.340184477820589e-10
5.056833433143056e-12
1.340184477820589e-10
2.564421681377473e-12
9.462912174887930e-13
-4.947045738909768e-12
1.519122555618713e-12
-4.643081661384002e-12
3.833582000317154e-12
9.797679565905941e-14
9.525496938687538e-13
2.806765352026900e-14
9.883514839047931e-13
-5.253719842301136e-13
7.773571239564994e-03
-5.110690657427147e-12
-7.773571239564994e-03
-5.253719842301138e-13
-9.883514483938485e-13
2.806765352026850e-14
-9.525496935210572e-13
9.797679565906010e-14
-3.833582000358091e-12
-3.296522647687387e-12
-3.557086436350391e-14
-3.360682592295859e-12
3.950391026655101e-13
-2.428388114851277e-14
-2.232245364492822e-14
3.495606279169113e-13
-6.064721907342912e-11
-7.380617827177889e-12
6.064721907342915e-11
3.495606279169107e-13
2.232245364492856e-14
-2.428388114851355e-14
-3.950391026655092e-13
-3.360682592295861e-12
3.557086436350479e-14
-3.296522647687384e-12
2.393599140557807e-12
-5.342408007341036e-13
1.907371319779358e-13
-9.054643923557225e-13
-1.023469295537446e-12
9.319740998079652e-14
-3.099529131129432e-13
-1.727514749790248e-12
2.219179146683672e-03
-2.807303603854460e-12
-2.219179146683672e-03
-1.727514749790248e-12
3.099529272061657e-13
9.319740998079671e-14
1.023469295540649e-12
-9.054643923557229e-13
-1.907371319815686e-13
-5.342408007341042e-13
-2.393599140557966e-12
2.001843475662760e-13
-1.288959653957209e-13
-9.401956318989978e-14
4.936276078400308e-13
7.765905154290912e-13
5.564839696596921e-13
6.020579869307704e-13
2.699858088693888e-13
9.009527375393900e-13
-7.688252990298313e-12
4.056359496264520e-13
7.688252990298316e-12
9.009527375393898e-13
-2.699858088693889e-13
6.020579869307704e-13
-5.564839696596922e-13
7.765905154290913e-13
-4.936276078400308e-13
-9.401956318989969e-14
1.288959653957207e-13
2.001843475662759e-13
1.540990841484552e-13
1.507915716305929e-13
-4.764404837464230e-14
5.197959770898497e-13
-1.818380907507423e-13
5.743156601082242e-13
-9.253080212851796e-15
-5.641122500679971e-14
-3.484925219257805e-13
1.460934620667566e-12
1.790757669339078e-04
3.737905200959469e-12
-1.790757669339078e-04
1.460934620667566e-12
3.484925198437546e-13
-5.641122500679952e-14
9.253080198471665e-15
5.743156601082237e-13
1.818380907505938e-13
5.197959770898494e-13
4.764404837464459e-14
1.507915716305931e-13
-1.540990841484550e-13
2.453535215917857e-13
-4.418324634865526e-14
1.395622257712798e-13
6.039149727162888e-14
-1.352016756983479e-13
4.848308360665070e-14
2.709178687505831e-13
4.253809965103024e-14
6.836751999348626e-13
-7.392333554488323e-14
1.678021036679623e-13
2.460584576161182e-12
-2.840247395990498e-13
-2.460584576161181e-12
1.678021036679623e-13
7.392333554488324e-14
6.836751999348630e-13
-4.253809965103024e-14
2.709178687505832e-13
-4.848308360665073e-14
-1.352016756983480e-13
-6.039149727162885e-14
1.395622257712798e-13
4.418324634865529e-14
2.453535215917859e-13
0.000000000000000e+00
-6.470318188507449e-11
-2.816070972105483e-28
-6.470318188507449e-11
2.136064873139923e-13
-7.012987040485310e-12
1.387963473484229e-27
-7.012987040485318e-12
-2.136064873139966e-13
5.634164651333790e-12
-5.979086230568255e-12
2.645420981962363e-13
8.671126590290512e-28
2.645420981962318e-13
5.979086230568261e-12
5.634164651333768e-12
-5.209651122508215e-12
-3.406930076897822e-13
9.028189818884111e-12
9.603761080948236e-13
-1.529223398514068e-28
9.603761080948213e-13
-9.028189818884117e-12
-3.406930076897827e-13
5.209651122508224e-12
-1.485110898096384e-12
1.959431049561685e-12
-2.591778618337520e-12
1.433002169391751e-12
1.513836118129243e-12
-4.839655755412953e-30
1.513836118129241e-12
-1.433002169391753e-12
-2.591778618337510e-12
-1.959431049561684e-12
-1.485110898096383e-12
-3.571319470367588e-12
-6.378293032016083e-13
3.415359397943855e-12
2.471620533421955e-13
-2.962747389671385e-12
2.853154953861766e-13
3.640333270326439e-27
2.853154953861766e-13
2.962747389671386e-12
2.471620533421946e-13
-3.415359397943857e-12
-6.378293032016089e-13
3.571319470367600e-12
2.565672174031772e-13
1.737303136456774e-13
2.285731465755788e-13
1.855044120643287e-12
1.166897041443898e-12
1.417878765696636e-14
-1.708168069131262e-12
2.868673344631638e-29
-1.708168069131259e-12
-1.417878765696646e-14
1.166897041443897e-12
-1.855044120643289e-12
2.285731465755788e-13
-1.737303136456766e-13
2.565672174031709e-13
1.433408352888188e-12
-4.299980945691346e-13
4.693392711156017e-12
-5.739329190186822e-14
-4.716617100783549e-13
-7.714396420663973e-14
-2.486615769045526e-12
2.422482024885350e-14
1.178853566099187e-27
2.422482024885281e-14
2.486615769045527e-12
-7.714396420664184e-14
4.716617100783513e-13
-5.739329190186851e-14
-4.693392711156016e-12
-4.299980945691349e-13
-1.433408352888189e-12
1.238128505369236e-12
-1.263780540098841e-12
2.178799928464793e-13
-1.472299793737294e-12
-1.778166095053172e-13
-7.417294719086483e-13
-4.486131651739295e-13
9.249913745810678e-13
2.288362372005007e-13
-2.195584437108315e-28
2.288362372005012e-13
-9.249913745810700e-13
-4.486131651739320e-13
7.417294719086482e-13
-1.778166095053181e-13
1.472299793737293e-12
2.178799928464832e-13
1.263780540098842e-12
1.238128505369248e-12
1.217644345762486e-12
-1.795705496217912e-13
2.274202386644898e-13
1.944004153837337e-13
-1.650092792936454e-12
3.088494574132320e-13
1.394699639711756e-13
3.408128691602571e-14
5.064916682823734e-13
-1.243648718432338e-13
8.636151789549089e-30
-1.243648718432338e-13
-5.064916682823741e-13
3.408128691602563e-14
-1.394699639711758e-13
3.088494574132320e-13
1.650092792936452e-12
1.944004153837336e-13
-2.274202386644898e-13
-1.795705496217911e-13
-1.217644345762486e-12
4.462387673151987e-13
-3.082253457278473e-13
-3.701983386908637e-13
2.305188506365984e-14
-5.364219135380851e-13
5.703522107905070e-14
-4.691124217242463e-14
-5.507273289251287e-13
-4.806754819311744e-14
-1.019348039680969e-12
5.112868070341218e-13
-5.018414963548327e-29
5.112868070341220e-13
1.019348039680971e-12
-4.806754819311748e-14
5.507273289251288e-13
-4.691124217242478e-14
-5.703522107905073e-14
-5.364219135380852e-13
-2.305188506365988e-14
-3.701983386908634e-13
3.082253457278473e-13
4.462387673151986e-13
-6.529081391605542e-14
-1.060469925640229e-13
-8.674650475429436e-13
-1.340342562656472e-13
-7.220148482023626e-13
-6.575627928017561e-14
1.130219450307897e-13
-3.743776936463387e-14
-6.621156064390480e-14
-4.148605147014360e-15
-4.033214016197051e-14
1.717934405338834e-14
4.474849058640045e-30
1.717934405338830e-14
4.033214016197042e-14
-4.148605147014366e-15
6.621156064390456e-14
-3.743776936463384e-14
-1.130219450307898e-13
-6.575627928017560e-14
7.220148482023627e-13
-1.340342562656472e-13
8.674650475429430e-13
-1.060469925640229e-13
6.529081391605538e-14
-1.999371721657853e-13
8.892504701722767e-11
-5.801162008682201e-11
-8.892504701722764e-11
-2.916242659212216e-12
-8.016475905964568e-12
3.219275524601321e-11
8.016475905964568e-12
-2.916242659212235e-12
4.493521828210370e-12
-8.490727686613621e-12
-5.176762238095752e-12
2.307351361245685e-11
5.176762238095752e-12
-8.490727686613624e-12
-4.493521828210403e-12
-7.645991867630310e-12
1.095095583751462e-12
-4.588000333593837e-12
2.008923108125892e-12
-2.391457165157569e-12
-2.008923108125895e-12
-4.588000333593836e-12
-1.095095583751465e-12
-7.645991867630321e-12
-2.394666866952644e-12
2.724193537274171e-12
-8.585889672721449e-13
1.903439433672931e-12
-9.608618179865459e-13
2.235554793051348e-12
9.608618179865471e-13
1.903439433672931e-12
8.585889672721456e-13
2.724193537274172e-12
2.394666866952650e-12
-2.386496931363492e-12
-3.944822246383467e-13
2.871905388317492e-12
-7.586348068142659e-13
1.717328061538347e-12
5.867952966084977e-14
5.513518781293141e-12
-5.867952966085069e-14
1.717328061538345e-12
7.586348068142659e-13
2.871905388317486e-12
3.944822246383491e-13
-2.386496931363497e-12
1.482281609364901e-12
-2.615379417038480e-12
3.783838496197813e-13
-1.392461327349657e-13
4.164622672056533e-13
1.353946324750409e-12
1.228724975453517e-12
-1.915452180223162e-12
-1.228724975453515e-12
1.353946324750406e-12
-4.164622672056550e-13
-1.392461327349665e-13
-3.783838496197886e-13
-2.615379417038479e-12
-1.482281609364942e-12
2.187785107144268e-12
-7.965742837778780e-14
-1.634423888406595e-12
6.342729356428309e-14
3.428693967031067e-12
1.347083740714420e-13
-5.166001956922538e-13
-3.149954359196365e-13
3.161651111861777e-12
3.149954359196352e-13
-5.166001956922457e-13
-1.347083740714426e-13
3.428693967031067e-12
-6.342729356428354e-14
-1.634423888406595e-12
7.965742837778749e-14
2.187785107144269e-12
-1.900441316887236e-14
3.937591799080736e-13
1.818368838786239e-13
3.487406233325922e-13
-3.173442608415241e-13
-1.479545073842029e-12
-3.121347890945532e-14
-8.095465305115043e-13
-3.177658727021611e-13
1.497565538094401e-12
3.177658727021568e-13
-8.095465305115027e-13
3.121347890945058e-14
-1.479545073842029e-12
3.173442608415247e-13
3.487406233325939e-13
-1.818368838786231e-13
3.937591799080714e-13
1.900441316887485e-14
-1.389635434736810e-12
5.800544545519944e-14
8.827011105170772e-14
-2.536897809836957e-13
6.291767209892020e-13
8.334797370444833e-14
-2.124527681302452e-12
1.619423958308980e-13
1.794373737219283e-12
3.551425301053472e-13
1.651204472002504e-13
-3.551425301053472e-13
1.794373737219282e-12
-1.619423958308979e-13
-2.124527681302451e-12
-8.334797370444832e-14
6.291767209892018e-13
2.536897809836958e-13
8.827011105170757e-14
-5.800544545519934e-14
-1.389635434736809e-12
-5.309982616979340e-13
-3.088661835547976e-13
7.425437592997744e-13
1.696317191339414e-13
-3.893975389017487e-13
5.682359961294844e-14
8.704172774668338e-14
9.909170302625145e-13
-6.548922942419609e-14
-2.316466427029442e-13
-2.918390651809469e-13
-7.543448977600417e-13
2.918390651809470e-13
-2.316466427029438e-13
6.548922942419594e-14
9.909170302625145e-13
-8.704172774668321e-14
5.682359961294835e-14
3.893975389017485e-13
1.696317191339414e-13
-7.425437592997741e-13
-3.088661835547975e-13
5.309982616979341e-13
9.015682498370856e-14
6.378444264716772e-14
8.053623362370615e-13
-2.849361943409067e-14
-8.792042560672647e-13
-5.845903184388127e-14
1.746900058044172e-13
1.464817047321913e-14
2.009704971337811e-14
-2.413232631860067e-14
-1.070925637975775e-14
1.759629269540782e-15
1.043825026423697e-15
-1.759629269540756e-15
-1.070925637975774e-14
2.413232631860072e-14
2.009704971337811e-14
-1.464817047321912e-14
1.746900058044172e-13
5.845903184388128e-14
-8.792042560672647e-13
2.849361943409076e-14
8.053623362370609e-13
-6.378444264716769e-14
9.015682498370848e-14
0.000000000000000e+00
1.950524441663880e+00
-2.107555116627807e-28
1.950524441663880e+00
-1.689527790680812e-11
7.112008938009126e-10
5.461796042596573e-27
7.112008938009127e-10
1.689527790680813e-11
-4.763947851540449e-13
-8.797611798406513e-12
-7.031476955942241e-02
-8.328455313434511e-29
-7.031476955942242e-02
8.797611798406510e-12
-4.763963494105678e-13
7.728947361475342e-13
-1.633530564920983e-12
-6.942790110641648e-12
1.071173835038316e-10
2.513282440675178e-27
1.071173835038315e-10
6.942790110641665e-12
-1.633530564920982e-12
-7.728947361475644e-13
1.613581419115106e-12
-1.919425424036523e-12
-3.271633156572062e-13
7.657614158762628e-12
1.126553752953949e-04
2.988373941207752e-28
1.126553752953842e-04
-7.657614158762631e-12
-3.271633466520747e-13
1.919425424036523e-12
1.613581400917306e-12
2.577546597087380e-12
1.128516992747095e-12
-2.773061917548202e-14
4.745709198833008e-13
8.844427669177857e-12
-1.333805677850920e-10
5.135759070888439e-28
-1.333805677850920e-10
-8.844427669177860e-12
4.745709198833004e-13
2.773061917547824e-14
1.128516992747095e-12
-2.577546597087397e-12
-4.460627441995762e-12
-2.324866659972525e-12
4.593625305739735e-15
2.846301610475229e-12
-3.554919529845632e-13
-3.719112664243136e-12
7.773571237607980e-03
-2.714784097315682e-28
7.773571237607982e-03
3.719112664243136e-12
-3.554919431371795e-13
-2.846301610475227e-12
4.593624711980441e-15
2.324866659972524e-12
-4.460627441959814e-12
-2.409163740947900e-12
5.909974175702014e-13
5.354356270839366e-13
-1.048461842656388e-12
9.025349749868427e-13
2.953608236313680e-13
-2.282650857296969e-12
-6.094238838959842e-11
-1.296229963879794e-27
-6.094238838959842e-11
2.282650857296970e-12
2.953608236313693e-13
-9.025349749868440e-13
-1.048461842656388e-12
-5.354356270839355e-13
5.909974175702002e-13
2.409163740947902e-12
2.712441817506675e-12
-5.915535776773766e-13
-1.523404330129972e-12
8.479047921315985e-13
8.728580578867929e-13
-4.007155872697498e-13
2.391670920055235e-13
-1.113667931595350e-12
2.219179147139644e-03
2.350940990222577e-28
2.219179147139641e-03
1.113667931595351e-12
2.391670595568953e-13
4.007155872697494e-13
8.728580579917160e-13
-8.479047921315975e-13
-1.523404330129037e-12
5.915535776773775e-13
2.712441817506877e-12
-9.002783116185990e-13
2.102677859812909e-16
3.701943559371615e-13
3.884341747062016e-13
-1.265515391721030e-13
-1.068867920011778e-14
5.967700335661499e-14
-3.787687074012292e-13
7.507077340511119e-13
-7.608736333748897e-12
1.451193763745484e-29
-7.608736333748897e-12
-7.507077340511115e-13
-3.787687074012294e-13
-5.967700335661507e-14
-1.068867920011785e-14
1.265515391721030e-13
3.884341747062017e-13
-3.701943559371621e-13
2.102677859815291e-16
9.002783116185990e-13
-7.378299635218739e-14
5.100697177251123e-13
-3.615255033896367e-13
-6.587013713582949e-14
1.649137563687138e-13
-8.008134095321854e-14
-3.600407510694860e-13
-5.201028990942741e-13
-7.158300202148594e-14
2.088010556183947e-12
1.790757674956448e-04
-1.247529366278455e-30
1.790757674956448e-04
-2.088010556183946e-12
-7.158299927225173e-14
5.201028990942742e-13
-3.600407510617252e-13
8.008134095321849e-14
1.649137563689288e-13
6.587013713582950e-14
-3.615255033896386e-13
-5.100697177251123e-13
-7.378299635218713e-14
5.910916373004466e-13
9.629082094955793e-14
-4.301249771466014e-13
-3.151800341247209e-14
1.946503635756471e-13
1.069225302067079e-13
4.106949254227265e-13
-1.121100769306828e-13
-3.136453595417537e-15
-8.422879689310896e-15
-4.914434204640406e-13
2.536988338373050e-12
-1.758283098315718e-30
2.536988338373049e-12
4.914434204640411e-13
-8.422879689310832e-15
3.136453595417547e-15
-1.121100769306829e-13
-4.106949254227268e-13
1.069225302067079e-13
-1.946503635756472e-13
-3.151800341247211e-14
4.301249771466014e-13
9.629082094955801e-14
-5.910916373004468e-13
-3.831902528611863e-14
2.281159729478779e-11
1.053417274993220e+00
-2.281159729478778e-11
1.710454373219564e-12
-3.665608487089798e-11
3.623993171102689e-09
3.665608487089796e-11
1.710454373219578e-12
-7.062373267161886e-14
3.805099855959596e-12
1.852885038331694e-13
-4.210702077981960e-01
-1.852885038331733e-13
3.805099647653340e-12
7.062373267161324e-14
-1.413243692413780e-12
2.910864395934939e-12
-5.819009813541179e-13
-2.731470056830506e-11
1.216656579821860e-09
2.731470056830506e-11
-5.819009813541160e-13
-2.910864395934937e-12
-1.413243692413778e-12
-1.397408685762329e-12
9.599569153671310e-14
9.694870821637220e-13
8.749372713392280e-13
-2.434920981050781e-12
-7.315502962442171e-02
2.434920981050781e-12
8.749373149141109e-13
-9.694870821637208e-13
9.599569340756205e-14
1.397408685762330e-12
1.700235829644690e-12
7.927348184171773e-13
1.147278522209195e-12
6.995922254831191e-13
3.059687611850917e-13
-5.405243397828230e-12
5.059561567738766e-11
5.405243397828228e-12
3.059687611850918e-13
-6.995922254831232e-13
1.147278522209196e-12
-7.927348184171754e-13
1.700235829644690e-12
-1.933409758275052e-12
-7.676365528401495e-13
1.074540368112115e-12
-2.617087488011430e-13
-6.953025288129674e-13
-9.010752944963903e-13
8.418723808601263e-13
-1.665565472559594e-03
-8.418723808601275e-13
-9.010754142380342e-13
6.953025288129670e-13
-2.617087517608786e-13
-1.074540368112114e-12
-7.676365528925867e-13
1.933409758275050e-12
5.259879099590966e-13
6.876537850068196e-13
-7.397228582533072e-13
-6.829486398644918e-13
2.216292943508440e-14
-1.298225834895614e-12
-3.278882452289516e-14
8.657080623697791e-13
-4.654473982821645e-11
-8.657080623697786e-13
-3.278882452289504e-14
1.298225834895614e-12
2.216292943508444e-14
6.829486398644932e-13
-7.397228582533068e-13
-6.876537850068189e-13
5.259879099590961e-13
1.974185856886789e-13
2.190448227273701e-13
1.218506428091833e-12
6.390062417840035e-13
-4.197083203408859e-13
2.589110140164160e-13
2.910981248579192e-13
1.537844286313471e-13
1.475044537431503e-13
9.357761543648602e-04
-1.475044537431505e-13
1.537844932880369e-13
-2.910981248579193e-13
2.589110144083475e-13
4.197083203408840e-13
6.390062417897977e-13
-1.218506428091834e-12
2.190448227272176e-13
-1.974185856886832e-13
2.230394023851622e-13
3.059690164071808e-14
-4.078911553232064e-14
-8.860409032800582e-13
8.725769515040322e-15
-1.807254180916772e-13
-1.570850746098627e-13
2.767037151470933e-13
3.719038003759348e-15
2.407046923746673e-15
1.562143156529957e-12
-2.407046923746395e-15
3.719038003759507e-15
-2.767037151470932e-13
-1.570850746098626e-13
1.807254180916770e-13
8.725769515040342e-15
8.860409032800584e-13
-4.078911553232064e-14
-3.059690164071800e-14
2.230394023851623e-13
5.269697804911419e-13
-3.390231937691654e-13
-3.769401642613855e-13
3.489383900692494e-13
-3.992770257683232e-13
-3.672982886238091e-13
-9.223371231964705e-14
-9.482046882186274e-15
7.988919409444039e-14
4.477579817192240e-14
-2.162634580168964e-13
-8.917639955070048e-05
2.162634580168964e-13
4.477579635629024e-14
-7.988919409444044e-14
-9.482046886047712e-15
9.223371231964702e-14
-3.672982886233657e-13
3.992770257683231e-13
3.489383900692491e-13
3.769401642613854e-13
-3.390231937691658e-13
-5.269697804911419e-13
1.241060325377810e-13
-1.286105717547823e-13
-1.858873870880550e-14
4.559461818008803e-15
6.910093224314427e-14
6.670679127122534e-14
-4.329027399753923e-14
-1.509463566469823e-13
6.738421674055689e-15
-8.060169503692935e-14
9.949525854224334e-15
-5.611880702562148e-14
3.112619412647265e-12
5.611880702562159e-14
9.949525854224105e-15
8.060169503692930e-14
6.738421674055719e-15
1.509463566469823e-13
-4.329027399753928e-14
-6.670679127122531e-14
6.910093224314427e-14
-4.559461818008800e-15
-1.858873870880550e-14
1.286105717547827e-13
1.241060325377810e-13
0.000000000000000e+00
8.544947617688520e-11
-4.676145564418009e-28
8.544947617688519e-11
4.174089052105014e-12
5.061865991360264e-11
5.922320648958687e-28
5.061865991360264e-11
-4.174089052105009e-12
3.445864888258481e-12
-2.010157191265008e-13
-7.851074911041920e-12
4.665426495666125e-28
-7.851074911041920e-12
2.010157191265032e-13
3.445864888258484e-12
-8.542463684758172e-14
-5.993710059976232e-13
-1.983766314422216e-12
3.197999155529440e-11
-2.150324001145048e-28
3.197999155529442e-11
1.983766314422217e-12
-5.993710059976280e-13
8.542463684758650e-14
-1.448285905684807e-12
1.190536804630917e-12
-2.963424332068621e-12
-1.399955117139532e-13
-7.065373942448078e-13
-1.511386044780693e-29
-7.065373942448071e-13
1.399955117139657e-13
-2.963424332068621e-12
-1.190536804630917e-12
-1.448285905684807e-12
4.219159722627652e-13
-1.381837378766371e-12
2.748184969378213e-13
3.265692208120644e-13
9.795138819337211e-13
4.716958953761881e-12
-9.028568360285109e-29
4.716958953761882e-12
-9.795138819337195e-13
3.265692208120803e-13
-2.748184969378205e-13
-1.381837378766367e-12
-4.219159722627650e-13
9.165478521912888e-13
-5.904424755202520e-13
4.937420985604167e-13
-1.002242429500855e-12
7.767864953333527e-13
9.271619586076596e-13
5.624795697021687e-13
1.549899885061004e-28
5.624795697021708e-13
-9.271619586076679e-13
7.767864953333526e-13
1.002242429500850e-12
4.937420985604172e-13
5.904424755202486e-13
9.165478521912858e-13
1.803927984331245e-13
-1.991328215286631e-12
-1.078209102133663e-13
3.788223114826096e-13
-7.012992862565608e-15
2.048114920003532e-13
2.175958344463556e-13
8.662926445793394e-14
-3.292931100449802e-28
8.662926445793156e-14
-2.175958344463575e-13
2.048114920003539e-13
7.012992862563833e-15
3.788223114826104e-13
1.078209102133646e-13
-1.991328215286629e-12
-1.803927984331269e-13
8.265636769981651e-13
-3.364556177078403e-13
-1.566205152915645e-13
2.057296982619670e-13
6.830696300553504e-13
3.366115372150684e-13
2.097069102864405e-13
-3.004493317067637e-14
2.435313416608766e-14
7.085623663162126e-29
2.435313416608769e-14
3.004493317067162e-14
2.097069102864407e-13
-3.366115372150691e-13
6.830696300553512e-13
-2.057296982619654e-13
-1.566205152915650e-13
3.364556177078421e-13
8.265636769981588e-13
3.286483085958075e-14
-5.052566085758057e-13
-8.027411026139419e-14
1.007823042502263e-12
-1.335844571625166e-13
6.864994641658758e-13
-1.671014670808020e-14
-4.512355129963969e-13
-7.208010247329990e-14
-7.173516360500010e-14
-7.947131657711018e-30
-7.173516360500022e-14
7.208010247329992e-14
-4.512355129963969e-13
1.671014670808021e-14
6.864994641658760e-13
1.335844571625167e-13
1.007823042502263e-12
8.027411026139416e-14
-5.052566085758058e-13
-3.286483085958092e-14
8.749146813904912e-13
-1.390372631707044e-13
-2.321790911725851e-13
4.582362434215801e-13
-2.547812892594622e-13
-1.090280684172345e-13
-3.689943487808150e-13
-8.146667090263408e-15
6.959106259721460e-14
-6.527313256244166e-14
3.457728966338919e-14
-7.401240805127620e-30
3.457728966338918e-14
6.527313256244164e-14
6.959106259721458e-14
8.146667090263417e-15
-3.689943487808151e-13
1.090280684172345e-13
-2.547812892594622e-13
-4.582362434215801e-13
-2.321790911725851e-13
1.390372631707045e-13
8.749146813904912e-13
2.363065442434322e-14
1.735663310406547e-13
5.226620062226189e-14
4.286902042339641e-13
3.880568950519590e-14
-1.172226282440001e-13
-1.782542635539753e-15
1.116068338657310e-14
3.987696886325695e-15
-1.534639991948368e-14
-2.187408686104338e-15
6.837626915207220e-14
-9.576835849283621e-31
6.837626915207227e-14
2.187408686104319e-15
-1.534639991948355e-14
-3.987696886325690e-15
1.116068338657314e-14
1.782542635539765e-15
-1.172226282440003e-13
-3.880568950519592e-14
4.286902042339637e-13
-5.226620062226182e-14
1.735663310406550e-13
-2.363065442434320e-14
